%%%%%%%%%%%%%%%%%%%%%%%%%%%%%%%%%%%%%%%%%%%%%%%%%%%%%%%%%%%%%%%%%%%%%%%%%%%
% function：MARG/ADS/GNSS组合导航模块传感器标定系数
% notice：标定日期 - 20230505
% By Taoran Zhao
% 2023/05/05
%%%%%%%%%%%%%%%%%%%%%%%%%%%%%%%%%%%%%%%%%%%%%%%%%%%%%%%%%%%%%%%%%%%%%%%%%%%
global CalibParm
CalibParm.Wp = [   -0.041520917186273  -0.000475422879775  -0.000159563999996
  -0.000582930597193  -0.041407720209608  -0.000296058659216
  -0.001113175492610  -0.000665897066700  -0.041241725989293
   1.717580445165581   1.037937434840599  -1.233258345555594];
CalibParm.p =[    0.000003273186501   0.000000110042188   0.000000063511508
  -0.000000475190009   0.000003848136197  -0.000000077664139
  -0.000000438761863   0.000000057936721   0.000003774561559
   0.096954118664058   0.020997064439323  -0.030465119979415 ];
CalibParm.mb = 1e-3*[  0.339015316769180,    0.002666634341711,   -0.000338587306002;
                      -0.003038456801371,    0.343320028449821,   -0.018832219328681;
                       0.001315514198601,   -0.003893715749920,    0.333843696676534 ];
CalibParm.R = [ 0.09859264,   0.01561222,   0.01143196 ];