%%%%%%%%%%%%%%%%%%%%%%%%%%%%%%%%%%%%%%%%%%%%%%%%%%%%%%%%%%%%%%%%%%%%%%%%%%%
% function：传感器标定系数：1号模块
%
% By Taoran Zhao
% 2023/03/29
%%%%%%%%%%%%%%%%%%%%%%%%%%%%%%%%%%%%%%%%%%%%%%%%%%%%%%%%%%%%%%%%%%%%%%%%%%%
global Calib_Parm
Calib_Parm.Wp = [       0.01428         0          0;
                                     0               0.01428   0;
                                     0               0         0.01428;
                                     0               0             0        ];                     
Calib_Parm.p =[   0.002936044831444,  -0.000069659763204,   0.000003047502876;
                    -0.000027288562255,   0.002954592428102,  -0.000003332489007;
                    -0.000002374542985,   0.000000024867615,   0.002836840268263;
                    -0.021613768584109,  -0.013750023176076,  -0.090387958192135];                 
Calib_Parm.mb = 1e-3*[      0.339015316769180   0.002666634341711  -0.000338587306002
                             -0.003038456801371  0.343320028449821  -0.018832219328681
                             0.001315514198601  -0.003893715749920   0.333843696676534 ];                         
Calib_Parm.R = [ 0.09859264 0.01561222 0.01143196 ]; 