global  GM Re wie f e e2 Rp ge gp g0 ug
% 全局常量
GM = 3.986004415e14;
Re = 6.378136998405e6;
wie = 7.2921151467e-5;  % WGS-84 model
f = 1/298.257223563;
e = 0.081819190842621;
% e = sqrt(2*f-f^2);
e2 = 0.006694379990141;
% e2 = e^2;
Rp = 6.356752312655527e6;
% Rp = (1-f)*Re;
ge = 9.780325333434361; 
gp = 9.832184935381024; 
g0 = ge; 
ug = g0*1e-6;   % gravity, ug
